10 0.036328 0.977778 0.057031 0.033333
10 0.093359 0.977778 0.047656 0.033333
10 0.158594 0.977778 0.073438 0.033333
10 0.237891 0.977778 0.075781 0.033333
10 0.303906 0.977778 0.046875 0.033333
10 0.500000 0.977778 1.000000 0.044444
0 0.500000 0.140278 0.718750 0.030556
1 0.176953 0.140278 0.057031 0.022222
3 0.842187 0.140278 0.021875 0.019444
14 0.213281 0.201389 0.120313 0.041667
14 0.213281 0.243056 0.120313 0.041667
14 0.213281 0.284722 0.120313 0.041667
14 0.213281 0.326389 0.120313 0.041667
14 0.213281 0.368056 0.120313 0.041667
14 0.213281 0.409722 0.120313 0.041667
4 0.526563 0.198611 0.312500 0.036111
5 0.467969 0.259722 0.195312 0.036111
14 0.565625 0.331944 0.534375 0.036111
14 0.565625 0.368056 0.534375 0.036111
14 0.565625 0.404167 0.534375 0.036111
14 0.565625 0.440278 0.534375 0.036111
14 0.565625 0.476389 0.534375 0.036111
14 0.565625 0.512500 0.534375 0.036111
14 0.565625 0.548611 0.534375 0.036111
13 0.832812 0.441667 0.012500 0.277778
2 0.644531 0.831944 0.070312 0.041667
2 0.730469 0.831944 0.070312 0.041667
2 0.816406 0.831944 0.070312 0.041667
20 0.060937 0.562500 0.039062 0.027778
20 0.314063 0.705556 0.039062 0.027778
20 0.053906 0.837500 0.039062 0.027778
20 0.196875 0.147222 0.018750 0.033333
20 0.376172 0.198611 0.002344 0.030556
