10 0.037500 0.981250 0.062500 0.026389
10 0.096484 0.981250 0.044531 0.026389
10 0.151562 0.981250 0.056250 0.026389
10 0.218750 0.981250 0.068750 0.026389
10 0.292187 0.981250 0.068750 0.026389
10 0.500000 0.981250 1.000000 0.034722
0 0.499609 0.418750 0.277344 0.037500
1 0.388672 0.418056 0.041406 0.027778
3 0.622656 0.418056 0.018750 0.027778
20 0.384766 0.477778 0.027344 0.044444
11 0.499609 0.500000 0.277344 0.200000
2 0.533984 0.568056 0.055469 0.030556
2 0.596484 0.568056 0.055469 0.030556
20 0.119141 0.118750 0.016406 0.026389
