10 0.040625 0.977778 0.065625 0.033333
10 0.108203 0.977778 0.060156 0.033333
10 0.174219 0.977778 0.062500 0.033333
10 0.244922 0.977778 0.069531 0.033333
10 0.310547 0.977778 0.052344 0.033333
10 0.500000 0.977778 1.000000 0.044444
0 0.500000 0.084722 0.843750 0.030556
1 0.129688 0.084722 0.087500 0.022222
3 0.904687 0.084722 0.021875 0.019444
9 0.097656 0.115278 0.026562 0.030556
9 0.128516 0.115278 0.028906 0.030556
9 0.162109 0.115278 0.032031 0.030556
9 0.199609 0.115278 0.036719 0.030556
9 0.237109 0.115278 0.032031 0.030556
8 0.500000 0.115278 0.843750 0.030556
2 0.109375 0.152778 0.053125 0.033333
2 0.167187 0.152778 0.053125 0.033333
2 0.225000 0.152778 0.053125 0.033333
2 0.282813 0.152778 0.053125 0.033333
2 0.340625 0.152778 0.053125 0.033333
17 0.500000 0.152778 0.843750 0.038889
4 0.500000 0.195833 0.843750 0.030556
14 0.102344 0.243056 0.042188 0.030556
14 0.121094 0.273611 0.057813 0.030556
14 0.125000 0.304167 0.043750 0.030556
14 0.123828 0.334722 0.041406 0.030556
14 0.119531 0.365278 0.054688 0.030556
14 0.107422 0.395833 0.030469 0.030556
14 0.113672 0.426389 0.042969 0.030556
14 0.109766 0.456944 0.035156 0.030556
14 0.101562 0.487500 0.040625 0.030556
14 0.130859 0.518056 0.077344 0.030556
14 0.125000 0.548611 0.065625 0.030556
14 0.578125 0.244444 0.668750 0.033333
14 0.578125 0.277778 0.668750 0.033333
14 0.578125 0.311111 0.668750 0.033333
14 0.578125 0.344444 0.668750 0.033333
14 0.578125 0.377778 0.668750 0.033333
14 0.578125 0.411111 0.668750 0.033333
14 0.578125 0.444444 0.668750 0.033333
14 0.578125 0.477778 0.668750 0.033333
14 0.578125 0.511111 0.668750 0.033333
14 0.578125 0.544444 0.668750 0.033333
20 0.169531 0.862500 0.039062 0.027778
20 0.185938 0.311111 0.039062 0.027778
20 0.190625 0.163889 0.039062 0.027778
20 0.097656 0.545833 0.039062 0.027778
20 0.087891 0.195833 0.002344 0.025000
