10 0.037500 0.977778 0.060937 0.030556
10 0.100391 0.977778 0.055469 0.030556
10 0.163281 0.977778 0.060937 0.030556
10 0.227734 0.977778 0.058594 0.030556
10 0.284375 0.977778 0.043750 0.030556
10 0.500000 0.979167 1.000000 0.041667
0 0.248438 0.056250 0.439063 0.034722
1 0.110156 0.054861 0.148438 0.026389
3 0.451562 0.054861 0.020313 0.023611
9 0.046484 0.087500 0.024219 0.027778
9 0.075781 0.087500 0.026562 0.027778
9 0.107813 0.087500 0.029687 0.027778
8 0.248438 0.087500 0.439063 0.027778
0 0.332422 0.172222 0.402344 0.033333
1 0.167969 0.172222 0.057813 0.025000
3 0.517969 0.172222 0.020313 0.022222
9 0.160547 0.202778 0.046094 0.027778
9 0.209766 0.202778 0.047656 0.027778
8 0.332422 0.202778 0.402344 0.027778
6 0.148438 0.252083 0.010937 0.020833
6 0.148438 0.288194 0.010937 0.020833
20 0.145313 0.377778 0.035937 0.025000
20 0.299219 0.729167 0.035937 0.025000
20 0.088281 0.345833 0.035937 0.025000
20 0.116406 0.872222 0.017188 0.030556
